8 11
12 11
23 13
29 14
36 15
43 16
48 17
54 18
63 19
71 21
80 21
87 23
97 23
101 24
103 24
106 26
108 26
109 26
109 27
110 27
114 27
118 29
126 31
137 35
145 35
152 36
154 37
157 37
161 38
164 39
170 42
172 42
168 44
164 48
159 53
151 57
145 63
139 67
134 70
129 73
126 77
121 79
119 82
117 82
116 83
115 84
113 87
110 92
107 96
103 99
100 103
94 110
91 119
87 128
80 137
76 143
73 148
70 151
68 154
66 155
65 157
65 158
64 158
64 159
63 159
63 155
61 152
61 147
61 139
61 125
61 112
61 99
62 87
64 73
64 64
64 56
64 45
64 39
64 32
64 26
64 23
64 20
64 19
64 18
60 19
55 21
49 25
44 27
38 31
34 35
31 37
29 37
28 38
29 33
37 26
47 18
60 13
78 5
92 0
114 -6
126 -8
144 -13
158 -13
170 -15
181 -15
190 -15
200 -15
203 -15
206 -14
208 -14
211 -10
213 -7
217 -3
221 3
224 10
228 18
231 25
235 31
235 39
239 48
239 56
239 64
239 72
239 80
239 85
239 93
237 101
233 105
227 111
219 115
208 119
197 124
186 128
167 136
148 141
129 147
106 158
86 165
70 170
59 174
48 176
31 179
19 179
8 179
-4 179
-13 179
-17 179
-23 178
-26 176
-30 174
-33 173
-35 171
-40 166
-46 159
-49 157
-53 151
-57 143
-59 137
-61 128
-61 120
-61 114
-58 106
-51 95
-42 85
-28 73
-3 54
23 41
59 25
109 7
157 -6
195 -17
219 -23
230 -23
238 -23
245 -23
246 -23
250 -16
254 -4
254 14
257 37
257 62
253 101
240 140
224 189
209 232
191 269
174 296
156 319
145 327
139 331
132 331
126 331
123 331
118 327
114 321
111 309
105 295
99 273
89 245
82 208
75 176
72 145
69 117
69 100
69 81
75 68
92 48
112 31
134 17
146 15
160 10
169 10
176 10
177 10
178 10
183 10
185 16
187 27
187 39
187 55
187 74
172 103
152 138
131 168
108 189
87 200
64 209
48 214
37 215
33 216
31 216
27 216
23 210
19 196
15 184
8 160
2 136
-1 113
-1 94
-3 80
-3 68
-3 60
0 54
9 43
17 35
28 31
50 23
73 20
96 17
118 17
133 17
142 17
151 22
158 30
162 38
165 52
165 65
165 81
165 92
165 102
161 118
153 129
145 139
136 146
127 151
116 154
105 154
96 154
87 154
82 154
80 153
78 149
71 140
66 126
64 106
64 81
64 59
71 39
81 21
105 -3
124 -18
151 -31
178 -41
200 -47
212 -49
218 -51
223 -51
225 -51
229 -49
231 -38
231 -22
231 2
231 22
231 62
217 101
204 127
191 153
176 169
157 179
146 184
131 189
114 189
103 189
95 189
89 186
83 182
76 174
68 167
62 158
55 147
49 129
45 116
42 103
40 93
38 84
38 75
38 67
38 58
41 50
49 42
60 32
75 25
90 20
100 18
108 18
117 18
122 18
129 23
136 31
140 39
142 49
144 59
144 73
144 91
144 107
143 120
135 140
127 155
121 166
113 171
102 178
94 180
86 182
78 182
72 182
65 182
61 181
57 178
50 170
46 167
42 161
40 152
38 142
36 133
36 124
36 116
36 107
36 99
39 86
47 75
53 69
62 62
68 58
77 54
80 52
83 51
86 51
